20 62
31 68
-19 29
92 7
-42 -100
-54 -72
69 65
0 -115
54 31
-117 -52
-20 100
109 -32
-55 -124
57 -72
111 -52
16 22
23 3
6 2
96 -127
-37 52
-24 109
109 86
98 -126
-97 67
1 67
-48 -103
-1 118
41 -19
-17 -24
86 -73
-98 66
-10 -93
-94 83
-117 -68
118 -113
62 24
-40 95
-49 19
-98 106
-106 79
0 -24
60 80
-51 113
35 -120
-10 2
-56 -10
103 29
106 -57
21 -79
-110 90
88 -2
-119 -62
-121 -91
-6 -9
-16 111
86 105
1 91
-33 -114
-88 122
-126 38
-37 93
23 -19
71 -70
95 54
-74 -35
105 30
-50 -41
7 45
61 84
49 84
76 94
59 -71
124 -119
47 -94
12 113
76 59
-34 82
-28 18
-58 111
118 119
-124 117
-19 7
-73 67
-115 12
13 -21
-85 -25
109 75
-103 93
13 56
-59 22
-69 79
104 -95
-16 27
-107 34
-23 48
-113 -72
-47 -112
73 -105
1 13
34 -39
-128 -90
33 -101
-42 -43
-85 -31
25 126
-82 -107
43 85
45 102
37 -2
-1 -32
27 93
-55 -127
30 -62
-109 -4
30 114
36 -126
-10 -98
82 -46
34 3
-70 -30
100 30
-47 57
-30 -101
-83 -86
-100 84
-108 27
-80 119
55 -61
-127 -17
-82 72
-97 -105
-118 62
-68 104
-58 -75
-13 58
-115 33
99 14
-33 -64
27 -38
96 -115
54 -90
22 50
41 -75
-10 50
45 105
-31 -28
96 -38
-109 -20
25 -8
-30 -4
63 33
-44 29
-46 59
11 -23
35 74
53 29
-85 65
-2 -30
2 -111
-114 -38
92 94
-50 -4
-85 9
-87 38
-59 22
-23 15
93 -101
25 -128
67 -34
-14 -48
12 -19
85 -84
4 -10
-122 -114
-73 -78
-73 20
33 109
43 95
48 100
67 -91
100 75
2 80
119 118
22 -21
-90 68
23 26
20 28
43 -10
87 87
-124 61
68 -112
-48 124
11 40
77 81
-56 72
-106 39
86 -10
-102 -65
82 -74
-111 64
-67 126
52 -43
-110 -9
64 122
119 -67
126 -57
-43 15
31 14
-79 -39
-41 30
97 -41
33 -7
-124 -72
-98 106
102 117
10 -7
-68 -20
-17 -60
34 89
95 -19
-39 38
-100 78
-76 -70
107 9
124 125
11 -69
-93 -73
55 -52
-99 -38
36 91
-120 -12
-4 27
-54 -124
-60 24
20 111
9 109
-104 -128
89 -84
73 -54
23 43
-10 109
-115 93
90 -83
52 33
117 -7
-18 -53
-32 -46
85 42
-70 23
104 -31
-85 62
-14 39
15 75
-54 -51
26 118
-45 -83
-28 0
-25 -37
106 -89
111 -32
-115 -103
-16 42
-124 -18
-4 -107
-32 -100
4 -50
0 -51
101 4
-9 -50
-94 4
-88 104
-44 -41
-107 -26
52 -20
-76 94
-34 53
-23 -16
-84 -104
-117 -26
-35 63
-110 38
-98 -105
-124 -12
-103 -15
75 -121
64 -58
-15 121
111 40
-68 -96
33 105
-38 -6
-122 1
-78 -30
0 23
-53 -121
-12 61
-5 29
40 46
110 -88
-119 -11
122 -32
-79 111
44 101
121 -78
4 -127
21 -59
-53 43
-55 78
-42 -92
42 -33
-54 -22
-88 85
-8 115
-71 -77
45 34
62 58
70 -25
-83 46
-62 100
-85 65
112 39
-52 -26
-89 -105
85 -41
2 82
-95 66
33 45
108 -122
-75 -95
-73 39
-62 -90
-88 38
-9 125
4 -60
-118 99
77 112
-74 -44
-4 -101
49 72
71 89
-58 4
-29 -51
6 -91
75 -7
36 -117
1 -55
35 46
-122 21
-68 -86
79 -89
-56 -114
-69 110
114 83
38 -56
-63 71
-88 51
100 107
-64 89
-79 39
-10 59
91 115
90 107
-52 -29
-79 9
25 33
94 52
13 -46
-28 -102
72 -100
44 47
-80 8
-64 -50
125 88
2 -115
86 -58
76 -59
-2 -76
-27 -7
-120 -78
52 -118
38 33
-59 125
63 -107
-64 -125
48 21
-33 99
-56 -85
67 -18
112 -10
-95 72
-105 27
94 -27
-122 -73
-49 35
97 -39
106 1
102 39
56 -13
26 116
21 -120
-27 16
-18 32
59 -90
-69 40
26 -120
120 23
-36 43
-81 18
32 103
-128 62
-102 51
72 5
46 -60
-102 -76
58 -55
52 -2
96 53
-66 78
-17 87
102 -105
36 95
68 104
-71 20
-19 -84
120 -108
-81 18
-66 -67
-49 -95
-115 -1
-79 91
-7 -109
70 48
-113 -80
38 -118
34 111
64 18
8 59
-115 -84
39 -73
-120 -49
70 -128
35 -84
102 43
85 1
47 -126
-1 68
27 44
16 -100
-25 62
-43 -47
76 1
-70 -21
50 -8
-24 -79
116 -60
-15 79
19 -11
19 -72
-67 33
46 6
36 1
-46 101
-75 103
30 -38
-71 27
63 81
41 65
70 -72
7 39
77 48
47 116
-65 -4
75 -78
-45 79
-83 -85
58 106
-75 4
-93 84
105 68
-42 77
-30 78
84 43
6 -31
125 -118
-89 -76
-106 -71
-67 -111
105 108
-20 -117
-83 74
-8 125
56 4
-12 20
-103 -42
104 52
73 -67
6 -127
-3 118
28 45
-38 61
105 111
8 -118
-54 -87
-31 -17
-74 106
47 -79
101 94
8 -111
120 94
-106 20
25 85
-25 -26
88 -36
123 21
-100 84
-113 -35
-122 7
54 104
25 -75
63 104
-57 2
-51 -9
6 -13
99 18
-43 16
-23 -114
97 -81
110 55
43 80
-44 -121
-98 -81
-36 109
6 -47
-112 31
-115 -11
-37 -5
-109 -112
104 0
-127 -30
124 99
8 67
48 -113
27 -117
-58 -29
51 -43
-46 -81
-71 -102
120 78
10 114
98 67
114 -28
47 121
16 99
30 123
-98 20
79 -69
-101 -76
24 -46
-45 -16
-45 48
-53 -24
119 -95
48 61
5 -73
-47 70
34 -87
-94 114
-15 118
-88 -33
30 46
60 5
-24 -11
-5 108
-42 18
-29 -30
-71 15
55 11
119 -43
63 18
91 2
112 -34
36 6
10 -97
-87 -6
24 23
-21 31
-47 -125
0 -78
-53 -37
-24 -37
14 -100
56 121
93 -70
-34 125
3 91
-42 93
78 -26
41 -64
-37 32
38 87
53 85
-10 -3
-38 -27
-29 59
90 76
97 33
-24 -87
-100 -59
84 24
23 -107
124 -78
81 -57
86 -19
64 80
97 -56
110 23
74 89
-83 3
74 110
-92 -10
-65 -3
-87 115
-41 -15
30 61
-1 -128
47 34
-8 57
88 87
17 -57
-45 -77
-2 114
18 -111
116 102
-55 -119
-97 33
9 -70
69 86
-6 -14
123 -91
59 -53
90 95
82 10
-16 42
87 51
114 -94
22 32
19 -93
116 -75
119 -44
25 78
77 -99
-31 61
-109 -125
119 -69
60 -38
108 30
-90 -52
73 -9
-88 -63
102 42
109 -24
-44 53
5 -19
47 44
-21 -14
50 126
63 -37
-124 66
-23 -105
9 29
-62 37
93 29
-12 -44
94 115
16 46
-43 67
29 -83
-3 95
-24 104
118 -50
-36 -45
20 8
-53 -45
-14 86
-36 67
-64 94
-50 -6
-76 90
-15 57
59 -71
94 95
-92 -39
-63 40
-51 27
82 -50
-121 -88
10 39
60 26
-13 7
116 -33
5 94
-58 -72
60 82
-75 -24
72 -92
-99 -20
37 21
102 -88
-31 -107
94 -45
111 84
0 -10
-28 -25
72 18
-55 -36
-12 -40
106 30
-22 61
56 -111
48 -42
98 -82
80 35
5 91
68 9
-26 31
-74 -35
-110 -72
-77 17
93 12
114 76
-36 78
54 -104
75 -53
-56 -107
-96 29
-98 96
-61 46
15 25
79 86
88 -127
17 -126
83 -38
104 -2
-113 41
45 76
9 -8
-60 -117
9 43
-47 113
98 18
76 -117
53 119
-54 -89
62 -37
-75 -83
-80 -122
73 -56
45 72
121 -57
68 -56
124 -21
39 -60
83 -40
-24 -48
-98 87
-5 126
-12 -52
98 22
29 67
-75 73
-87 6
-41 -8
42 -119
-105 -13
-6 11
-39 96
-35 79
58 87
-118 104
-39 30
-65 -53
108 -94
-95 114
-25 109
-79 -113
119 27
85 50
-78 21
-52 67
16 22
-118 -19
45 -77
-12 5
10 -86
126 1
-60 -111
-8 -51
62 -119
93 103
18 -117
-30 20
-121 -106
7 -23
-69 5
54 -34
53 -11
6 -56
121 -18
87 64
-49 15
-99 -126
-81 -119
-81 -69
86 -103
98 10
97 105
21 -52
-114 120
-29 -125
50 24
-122 44
-67 2
97 -63
35 -124
-120 -81
94 -87
-126 -6
-114 -93
-59 -75
24 -117
47 -70
-106 -23
-79 68
42 -77
-30 -35
-103 118
-31 125
120 109
-22 5
118 19
-27 94
75 126
-13 -72
-43 66
116 18
116 -107
-97 -47
71 78
113 -98
85 -61
31 -93
-41 -27
47 -47
82 120
-58 91
-73 -91
39 9
104 26
-32 -32
-69 98
-14 55
-26 94
-41 -53
-25 29
65 62
0 -115
82 124
-49 41
-12 -54
-90 18
26 98
34 -119
-58 -52
-120 92
-53 -5
-21 2
-81 96
-125 -104
-125 82
-79 115
15 -4
-109 17
-24 -23
-18 17
122 -95
38 -34
68 105
-98 -75
9 -7
-103 -66
-10 -106
-19 3
41 75
-75 88
-20 43
-116 -105
-31 -90
-120 -47
123 120
10 34
60 -17
10 2
53 -120
38 102
-34 -122
68 -14
42 -113
39 45
-127 7
-108 30
52 25
18 62
-84 -77
94 -78
-23 122
-25 33
-97 -11
-52 112
109 6
-124 46
83 90
88 -9
90 13
-26 -89
-37 9
22 82
-18 -98
-91 92
-35 77
-57 75
2 -104
27 78
-68 1
102 60
-59 118
-18 -53
100 -44
105 -10
-44 -29
-88 18
-44 17
14 -61
82 -115
12 123
50 -85
-81 -16
25 0
23 96
-108 -10
107 22
120 -48
-86 -74
-126 -105
8 -48
87 116
93 -46
69 63
47 -72
-1 -47
-121 65
-70 -95
-10 -40
50 18
-6 10
-93 19
75 61
-62 -42
-118 -112
-62 21
25 42
114 26
60 64
-125 -74
109 6
-9 -123
9 23
0 78
43 48
-79 83
-79 -57
-55 7
74 -54
-91 116
-39 -76
4 -55
92 -2
-2 57
-51 -104
87 -37
70 84
-102 -107
-105 9
-31 -74
-71 72
-39 108
34 14
-110 76
4 -73
107 -15
43 100
93 -28
-102 95
-5 27
-124 75
104 76
52 33
104 92
-1 30
109 -42
27 76
118 99
-93 32
116 67
-94 104
-104 82
54 -51
-78 -4
116 46
94 12
10 -49
48 17
-30 -17
-46 93
-51 125
-110 54
95 -113
-105 -85
-21 77
-107 88
-43 54
-92 -47
97 21
-6 -81
36 50
100 81
82 83
-115 65
83 -5
-17 61
49 60
-78 -32
18 -16
-76 -52
-36 65
-112 38
125 17
10 22
-108 -34
17 110
-94 -80
-17 -113
-104 119
-47 -68
-41 -114
-94 8
-9 -67
27 7
21 -16
79 31
-37 95
-63 47
-91 19
-111 92
82 -71
112 99
24 97
-72 -47
-121 -50
83 6
-74 110
96 -11
116 122
-6 -7
-109 -113
-102 -82
6 46
-2 27
68 48
-60 55
18 -62
89 -112
119 76
54 -78
68 16
-56 18
123 -22
-35 -4
-80 -125
-43 25
-89 64
66 99
20 -11
-70 63
-91 16
86 65
-114 64
-121 -79
-51 -74
21 -75
72 91
-82 67
72 -81
-64 113
112 -57
72 124
-21 -9
-18 -42
82 -54
93 -112
76 -110
8 14
8 22
-104 -83
-36 -22
-62 39
41 -72
-2 -90
-93 -30
-25 -102
106 -68
-119 100
-14 -58
46 110
-110 -55
78 -66
59 -109
-61 70
-105 -46
38 86
-115 -41
-74 -114
2 78
-119 28
25 30
-56 121
-46 102
-19 -16
39 -70
124 -52
17 73
30 -61
-11 -32
-96 34
60 -82
-76 124
40 -41
-1 -43
126 -116
67 -87
-65 48
26 -24
113 -48
-119 37
87 41
-114 -72
-37 -63
79 -85
-6 -124
2 77
-2 -17
20 -17
41 -26
62 -67
104 -69
-34 -26
-51 -102
-37 -13
4 -109
104 -23
10 75
-114 -19
79 -106
13 45
97 91
6 59
-35 83
35 -51
75 -9
117 -76
-15 -102
-119 -78
-54 -38
-21 113
-59 117
-25 -3
-87 -67
125 101
63 112
76 77
36 67
65 117
-59 -16
40 -91
125 85
-57 -34
76 -99
63 20
-81 -44
26 -74
-90 74
0 -1
0 48
71 122
-65 3
-85 21
-34 41
-14 52
-112 -83
-46 118
-89 -33
108 -48
-115 -28
-25 41
47 2
35 21
-127 -95
-15 -3
-59 -56
21 34
-89 -38
-43 -63
26 -60
-4 -72
80 27
-125 84
-104 54
27 -39
97 57
3 68
-40 119
-71 120
50 -17
13 10
101 28
-44 -20
64 42
82 107
-48 49
-54 59
-48 105
122 108
-109 45
-5 40
-39 118
-53 72
7 60
-59 122
-78 106
-27 -65
48 -30
-126 -125
-106 20
101 105
5 112
-73 100
-35 -28
38 -38
40 -101
98 50
-65 -54
53 -55
7 -85
75 -65
-117 124
65 -114
2 98
88 -22
8 9
-65 108
116 -16
100 -86
-37 -85
-127 37
102 114
-93 112
87 -113
12 58
-46 75
32 -9
-87 59
95 82
76 97
-102 112
73 -94
-47 -44
113 -5
32 -107
-83 -74
-29 -106
-101 -73
-28 95
-84 19
63 11
27 86
-8 55
-125 -42
-65 65
-73 -103
-3 -68
-47 71
-127 75
-48 -51
100 -118
30 117
57 -69
-51 -42
116 5
33 -84
54 -53
74 30
-125 -41
92 -116
-76 4
118 88
-111 -118
100 87
-110 -4
-66 -82
45 92
116 -27
35 87
-9 111
-127 -5
-95 35
-64 -7
0 -91
-2 68
-55 -57
95 39
-126 -23
120 -9
-69 -30
101 -112
39 -20
68 97
-24 34
-113 86
103 -4
-32 39
90 99
85 34
-90 3
105 -86
49 -69
-117 87
38 -126
-108 -95
-54 34
75 -89
68 -34
-8 38
23 -74
-22 -64
-31 -81
30 -85
37 42
48 31
74 33
36 93
-43 80
110 -47
37 110
86 71
122 84
-10 -36
125 19
-127 94
-78 -56
1 -18
-124 111
48 -74
-62 38
6 41
41 -25
-95 17
32 -16
-122 -32
-84 66
117 -31
91 -3
