7552 3408
8446 2922
-4813 2135
7531 2930
-12590 4374
-11322 1890
-553 -2166
-5980 5175
3145 511
-7072 728
-6220 -4520
9788 13861
-15940 -3350
-8544 7482
-4696 -6091
-3302 -760
1775 2748
558 740
10105 631
-3916 -173
-8145 -14205
-17045 3505
9800 -1610
-7680 -2331
5259 -5618
-9618 8172
12627 -2400
-2074 -2799
1613 1784
13031 3223
-8390 -2784
-6541 5700
5092 -7011
-8052 6520
-1349 -24456
-7462 -3512
1260 -3375
1933 4532
-7430 -288
-4186 -4269
1992 264
-12820 -8440
-121 16842
550 -16525
544 520
1838 2382
-2611 -783
-9982 -7406
3928 -3968
-12480 15280
-3978 3464
7644 -3649
1503 3545
-96 -264
13342 -17
8272 12019
2086 3574
-2391 -2382
10620 3942
3998 -8434
8136 11146
-2496 -3358
-14682 -2383
-6946 -9095
-649 -4184
3300 7785
9185 1993
-4623 -3145
11076 6277
10500 6265
1756 -5166
-13898 9955
-29071 -3671
-16544 -658
-11226 -13101
-4118 -6143
8016 -5016
4224 -1060
-2506 -1207
-10074 -10303
14914 -7
1564 -12
2482 9076
-2919 7843
809 -520
-745 -2930
-13189 -9238
12463 8074
-3080 -4355
-8390 -8955
-11679 4512
16231 -5573
-301 -1366
-5677 -6497
4071 3204
-15399 -3036
-25 12937
-14188 1944
497 77
1025 4061
-5534 -4644
11984 -9981
-2720 4391
-1359 2892
12115 -6330
-12172 11574
14033 10641
16173 11997
-2900 590
1040 -1234
-8700 -2283
10104 4713
-2404 -7746
11715 10261
11502 10968
-10638 -14958
-3640 -6562
4360 -13310
3164 -3312
-6800 9630
3000 10210
-7809 -6434
8352 -13143
9180 -18373
-8512 -6428
-1674 -4266
-20263 -7905
11912 4290
-9635 -17481
-6304 -4068
11285 -7205
-3158 3378
-4740 -8220
8235 6249
-4872 6215
-15254 12252
6335 -4137
-2527 4227
1522 2741
4949 9424
6534 -10458
-8258 4926
7667 5525
-4470 -4550
7440 7290
-4283 -4224
11348 7870
-13011 -2558
-1689 -1479
2258 2618
-5613 -8853
2619 1759
-1013 -2801
-229 981
-4574 -4897
2293 -6751
-14580 -11940
2400 3408
-11700 5060
-7790 -8360
1310 -1576
1972 -1592
5897 11153
3963 13920
-1801 -3615
-1383 -1345
7131 11916
-806 8044
8681 564
-1318 6660
1991 2641
10815 13497
-766 -262
-28174 15952
6002 -1203
-5758 -517
-4684 11483
-3940 10777
8704 -6836
2926 -88
-9575 -14800
-5608 -8774
10490 -7010
-2385 -825
-1246 -5302
3485 97
-4580 3656
-2125 1051
3741 1566
-20687 14603
8688 13608
-8200 -11628
-2003 2665
-8051 -1444
1616 4976
3448 7084
-8962 7958
2559 -6441
-2552 9376
6095 -12077
17430 -657
-7172 -38
4516 5212
1576 704
11475 -4073
12387 -4926
-1764 -1837
2835 704
4644 1669
8640 1871
13379 -2107
3961 -557
-5604 -17340
-16158 1120
11505 9435
-1107 611
-3000 -5424
2220 -5426
171 3138
6099 10374
2222 -4134
4920 -9084
-5860 1660
6101 -2158
975 -22029
1448 4533
18292 8050
1269 5613
5147 4492
-2875 -10355
-8796 -648
2529 3102
576 10954
7920 5700
-13455 8761
-12255 8135
15256 -464
10169 2526
-1902 -935
-8221 2286
-449 6955
7602 16155
7591 -8377
7867 2365
-2189 7782
3311 -5253
-5668 854
8801 57
9762 8019
-14364 -11619
-6204 -5919
-4534 -2184
-4050 -1170
1878 -3672
-2090 700
2405 -1454
420 -868
1522 -1404
16047 -7369
14662 -1046
5540 2183
-3454 1374
-14498 10522
-3341 6831
11388 -3240
4014 780
-4029 4845
11123 2145
-1229 -5480
-2838 3280
-3456 -4000
-6192 -6371
7909 -7682
-6944 5104
7388 3076
3546 982
-2866 856
-15616 3992
-13273 -11050
2541 -7623
9108 -17710
-8687 -504
2388 9032
2205 7598
-3694 -15891
-256 -9216
9700 13401
-6302 18693
-4480 5044
4569 -9282
-4984 3004
-14826 8996
6768 4758
-2737 897
18292 -12209
-5582 4219
-465 -2575
2330 -7200
-374 17270
13361 -9656
1732 -3688
2941 11416
14531 -12260
4741 -5255
949 2061
-1703 -727
-3107 -866
-5060 -1900
-9860 4562
1485 3063
6128 -3286
-1132 -17561
5600 13324
-2986 -293
-2261 -4239
-2100 -7246
-4060 7560
4356 -9651
-6406 -16306
-9215 -13415
12737 10000
-6474 -4264
-5994 7691
-1622 7913
7830 8712
8331 -1876
7791 1983
-7892 -242
14625 12540
4375 6684
11474 5012
4518 3136
-15974 -9576
7664 4576
-8304 -7568
-6237 700
-2016 -360
11627 8462
956 -10894
1140 -14697
6370 -3902
-2062 2872
10721 6698
-7300 68
2169 5013
526 2054
-4211 1394
1803 15814
5456 -8046
-3316 -4443
-1682 -5386
-8835 1629
-10554 6927
-4 8082
-2975 -12277
1240 -11127
-21872 -19812
-1120 -5588
-11589 -2624
-4062 -7036
-19791 16858
-18846 16181
-1 630
476 -4667
-3618 1274
-8486 -832
991 -5742
-928 -9550
6592 -4028
-296 -3867
-10688 -4296
-2572 -9246
11082 12985
-10183 -10851
-5252 -10354
-4711 -9545
1492 -5968
-2276 1971
14688 -13122
2136 -12378
1277 -2861
-14848 2151
-5097 8362
-8844 16511
-4197 -4146
-8118 -7359
5507 -2045
-963 2327
4512 9278
238 -10601
14253 -6237
-13054 5643
67 13853
5880 3570
5628 7175
9945 12726
6711 408
6403 -2116
12356 -5186
-8184 7137
1125 -991
558 790
373 1751
2957 2259
-4584 -12590
12877 10537
17 -366
6732 5319
1144 -2851
-784 9034
5049 -7599
-7869 5323
12816 5684
-3960 -4660
502 4448
-3524 3704
-1425 11087
6816 5538
3482 -3637
-3795 4308
11423 -8589
15164 -6944
-5752 -9118
7664 866
-15276 19476
6633 -6723
-9286 -6430
-8976 -9028
10629 128
13353 -1104
-8333 2800
4138 1176
-11284 3798
-2726 4374
7262 -9221
6032 -4946
6830 -7170
-4958 6789
6030 8355
3609 -2724
-13882 13168
-9121 8204
-10414 -15158
-9166 -10681
2336 -6190
-1748 4900
-6218 -4072
7788 9564
-1030 -4303
-3308 3200
-8783 -756
8953 -910
186 -6084
3390 5157
10072 -2860
-590 -3121
212 676
4970 1896
-2865 -7054
2970 4012
2886 -2730
-10438 11466
4817 12651
-1882 -4926
-4633 -2155
6525 -2601
2367 3546
-16818 -15354
-4364 -4117
-5713 -12521
-18513 -16636
7927 5644
4371 417
-2043 104
6314 15360
-4552 -16652
6899 8062
1125 6282
2578 11474
3241 3017
-9996 -618
3940 -1145
-905 -1555
9121 -198
5302 2598
5456 1650
-12529 11143
15216 -12912
-7550 3731
7836 -8577
16030 8715
-1456 1404
488 1236
-10768 1635
8372 -4576
5980 -10664
-5846 5760
5321 -5169
3410 -1616
8800 240
-6243 20973
-8316 -13324
-6381 174
-1983 1220
5178 -12080
-3207 8840
3983 2636
7896 -13294
-7976 -12098
2512 12026
-1925 6810
745 -261
4648 10444
7923 9249
7632 15992
12132 9886
-12881 -14294
882 9754
-2725 5825
12178 3838
-1288 -2836
-1584 -2613
-704 -201
12564 -5409
2585 -6219
11555 7091
-2435 -10466
6050 -6435
6123 -1438
-7557 1628
6842 9835
5566 699
-3291 5473
3035 -11605
-4449 -13200
-1503 -4320
-10839 -3583
8632 7800
6026 -60
181 198
7218 -3046
-9222 -766
6714 9333
7163 -145
6087 1777
-1178 4626
-708 -13010
-1824 14154
12416 -9112
-3297 -7382
7408 -6360
17634 -11370
-2076 10442
-1638 12690
-5636 -5610
789 2513
11897 -19974
4732 -2044
-6119 3927
-2343 3159
-570 -2382
3662 16217
-160 -2147
-6365 -303
-4372 -7534
4799 7850
-18916 -13462
-15794 -6939
-5731 6666
668 -674
945 2275
-1215 -1981
10711 1732
3720 2100
-431 -1563
3721 1038
-6666 1408
-6340 8524
5733 2889
10801 1917
-12148 -1712
-3600 -144
3596 -10385
1011 1110
-1059 -697
4761 -4247
-17054 9437
-8970 2340
4255 -478
4255 -14
11692 11462
-8458 -15109
-9921 6981
943 -4938
-585 -9330
4089 -4713
7774 1378
2073 -4158
5392 1364
8007 3154
11800 3412
-1392 -722
-4424 719
2833 -7173
-5116 -12442
-1063 -9399
10644 -5565
6716 -12565
-516 4908
-10817 -10354
1552 14120
663 9405
9150 4709
11328 10000
2671 -3731
3548 -12103
8207 2923
2414 526
-9412 3724
4096 -7672
-2440 2806
11016 13634
-2539 -3340
-3895 4695
10345 -9526
-1673 5054
-300 2590
444 10066
-1106 -2183
-9378 -2881
6394 -2432
-4476 3588
-20662 14828
17920 -8302
-15185 1065
9977 102
-9818 -4733
1682 242
-11831 -849
-5273 -1417
9870 -2275
1184 6578
3282 -1402
10371 -1596
2532 1158
-4024 -4590
4815 12864
12642 17925
-5560 -12483
-9020 1129
1496 1980
-708 -776
-1510 -7401
-20542 -1577
52 10564
-4236 6420
-6006 -7910
2415 6160
-2535 -5265
1170 6630
-4515 -11563
-2422 9995
-1225 1569
-385 57
-2282 2772
8306 -16608
364 -734
-812 612
-2129 8034
265 -2068
-4741 -5339
-1592 488
-3516 5500
8939 -19198
-2966 614
-5182 3878
-1780 6335
4332 -6013
-2632 9648
-1822 -5916
3321 450
212 668
-3547 8296
6894 -5248
-140 6149
-48 8546
-5864 1550
-14464 12268
3351 6099
-5061 -9895
-14927 13677
10561 -10849
-5030 -3182
-3819 -3114
-2666 -380
5390 -3322
3398 -3125
7492 -5230
33 -1853
-648 14973
9960 11325
-13696 -14254
-13288 -8780
9231 2340
-956 -11232
3805 7533
-2748 219
3804 19132
-12443 5415
6327 1314
2772 -3552
1150 -1110
2534 2964
-684 -6696
293 -7302
2732 -4872
6648 -12462
-1447 -1111
17097 -5605
9606 882
-13386 -1636
-8175 4475
6089 -893
-1963 -8459
2596 -255
-1484 5559
9892 -7540
6520 -897
4602 -4605
7296 -190
-3066 -3882
4664 5290
-6543 3347
-6987 -17303
-4927 -3768
-12134 -5440
1646 -6179
-550 -1095
-7395 1547
-14253 5288
-13368 13127
1108 -3439
11814 -6356
-16059 5120
-5750 -12045
358 375
4374 4197
-2743 -1164
8937 -2441
2162 -3026
-179 -17329
-5942 5768
10183 -9243
-5985 -3167
4013 3500
6322 7080
-8460 9993
324 -7155
7152 -11576
6416 -7608
9309 10698
1059 2190
-2990 -9351
2592 -1704
3423 -6579
-4080 -9939
-120 -4356
10644 -5498
-6868 -5748
-9082 2798
-2997 7911
-1813 3111
567 14000
8829 -2087
354 -1789
3477 -14544
11384 7127
4234 7366
-18338 -2660
-5781 -936
8444 6342
-8022 -6168
-10697 -11571
-8187 -4546
12985 -5128
-13115 -7886
-5310 2225
9822 -4182
6933 -3187
722 938
11193 1087
-9576 -6059
-1132 -779
4544 7114
-9452 15256
4722 -8370
-4027 -4184
-14559 -4600
6150 17225
6120 -9675
-90 -300
8597 -5130
1578 -1101
-3582 -4889
-1658 -3312
-1247 -4660
-468 2360
-2770 9808
-10330 -12156
1326 4090
7290 2826
6235 3394
-177 -12603
1598 -191
650 2110
11485 3515
-3019 4646
1134 -6396
14745 -10485
-4164 458
8154 -244
5963 2570
-3862 -1987
1442 -3755
-13047 -2739
9167 -713
15030 -7806
12285 -5136
-10026 -2350
-2412 2136
-6593 2955
2570 12508
-216 -5641
5180 1120
-2805 885
2516 6611
-4227 -6081
9841 -16183
-1125 498
10845 3102
460 -2966
-12504 5142
965 6965
-6541 -6769
-11994 -1510
-18119 7365
1646 -3905
-5521 722
94 5389
-616 3545
-403 5704
-1567 1006
1645 -1551
9334 14868
15257 -824
-323 -6381
2808 -3831
7410 -10322
-5312 2336
1739 4369
-6843 -4655
-11886 -8018
-8411 7854
1187 -1404
4823 11653
2990 -6785
-16244 6416
-652 -1532
-1296 -2406
-2106 7758
-6544 -1196
3553 1649
1296 -7760
5276 1708
-6138 -717
-2018 118
9468 -1641
-4300 -17157
4371 -8474
-4945 -10536
-64 1626
1539 -11345
-2919 -1666
1407 -770
-20859 -3163
-6916 -1166
-2255 1906
-3085 764
752 558
-16204 -12961
2514 8224
-1151 -522
-9744 -428
-1092 6638
5428 -1888
-2540 1808
-5669 2060
3372 -6191