18 116
-90 84
90 -107
25 90
95 86
53 -66
-57 52
11 -45
68 -17
-60 121
76 -47
121 -21
8 125
106 -20
-84 -89
-53 4
67 78
117 19
96 -7
37 23
-83 -93
115 -105
55 -35
71 68
33 78
10 -84
-1 107
-78 -21
59 -109
-16 -63
124 57
-12 -60
20 84
-4 -89
-89 -81
-100 112
-41 -4
-127 -89
-41 -108
123 111
-103 -83
-126 -11
-22 -11
-71 117
-43 57
-47 25
-49 84
-29 76
93 -25
-125 17
-46 -35
39 -16
-41 38
-103 98
-43 114
119 17
-7 23
-66 40
-7 82
98 103
-54 66
-70 92
-122 86
-73 -40
66 -121
101 -94
-114 -85
20 -73
48 97
1 74
-108 106
52 -97
-126 113
-44 -15
25 -102
10 -117
-120 48
-2 -62
-41 -44
-50 -37
-58 66
1 1
33 73
-61 69
17 -28
23 39
-121 0
-82 -4
112 -81
113 -104
104 -57
-7 51
61 25
55 -18
63 115
-12 61
-121 51
-87 -79
68 33
116 -3
103 -85
-27 90
-11 74
5 -107
31 90
-102 -30
101 114
117 66
-80 -30
18 38
98 -122
-88 1
-107 -13
-97 78
30 93
-41 107
70 30
-118 79
92 12
-87 -118
57 -90
109 -23
-36 -72
125 93
-14 -118
29 -42
109 -97
17 -55
76 -1
126 87
-20 -89
5 64
-45 -75
-3 -81
116 -58
-81 89
63 7
-35 -48
24 -23
79 -16
-89 -126
-17 106
37 -82
-50 -101
121 19
120 18
119 2
42 -101
-73 -17
-79 -62
-76 -25
-96 -85
90 53
16 -35
104 -111
-123 -8
105 -87
51 -117
33 106
88 -44
-44 57
36 -52
-77 -72
-122 87
-9 -106
65 10
106 27
76 -48
125 -9
-54 -123
63 -65
57 -103
116 123
-113 -19
46 -120
9 7
10 -46
54 89
98 40
-57 -41
-44 -69
-67 -108
-12 101
-48 -11
69 73
37 -29
-75 -110
47 97
126 -83
-73 91
52 -46
126 -45
-73 -30
-125 101
-34 -4
-58 24
-92 105
88 -39
-97 -73
99 -17
-42 116
-9 -10
-44 36
-50 32
106 17
-59 -44
63 63
34 -25
-120 124
-31 20
102 -85
-12 23
87 -72
87 91
-26 121
73 17
60 -54
58 74
60 -21
108 -6
-18 40
30 -78
55 24
-20 -2
25 -17
-96 -81
-97 -127
-1 -109
-47 -13
-2 -113
63 103
-6 114
-114 45
-111 -40
-90 -105
44 71
1 -120
18 -11
-120 -127
19 43
-75 -11
-96 55
124 43
-11 89
-22 -55
71 75
65 78
15 -29
-125 44
-84 93
-16 -122
39 -42
20 -58
102 -36
-35 -10
36 -2
-15 -31
31 17
122 -35
22 109
19 -75
-36 19
113 27
-76 -61
-84 -87
120 -6
107 79
25 -95
31 19
-30 115
96 48
101 47
-97 95
82 -42
-70 22
-85 -36
46 113
-24 -19
93 92
108 -61
-41 121
123 -110
-15 -44
-71 -19
54 64
-57 96
-82 70
123 126
8 41
91 -117
122 58
-74 -32
-41 -119
-76 39
-94 -110
50 79
64 -5
-65 -100
-101 -122
89 -85
26 45
-4 100
103 99
-95 -80
-112 -11
-88 -19
14 -55
-8 -30
88 67
25 -61
-76 -92
102 -101
-10 48
-113 108
-119 91
1 -126
-68 -28
93 -42
113 6
63 -124
89 71
106 -48
6 52
41 -108
-21 96
92 104
67 124
26 25
-100 -75
-114 -42
-82 -71
-46 -24
11 -127
64 -72
15 -66
44 -24
98 -119
56 -86
-4 16
-118 -71
-103 99
61 -91
-109 -125
-6 -74
31 -9
19 -37
-27 -71
-110 114
-60 -16
26 73
85 -27
29 33
-62 -42
111 -69
-79 -112
54 -125
-116 -96
-74 -116
123 -48
-28 -124
-81 -108
93 73
-5 9
47 -106
-51 -71
-52 78
55 -6
-56 109
36 -40
-74 -13
123 -106
64 103
26 89
37 95
-55 9
-86 51
90 -22
-94 81
-86 -56
32 119
97 -73
-64 -13
21 60
-49 -107
-45 -97
-47 -90
-27 -47
35 1
46 64
79 -43
-109 104
54 -21
-55 91
-95 -31
93 87
119 112
96 -79
-22 68
96 85
37 -53
-47 -9
77 68
-73 -52
-71 -66
96 59
65 119
-102 -85
-83 -78
10 8
-73 -5
-102 -105
74 -1
126 -117
74 -38
-71 -84
71 -6
-43 51
52 115
5 41
-1 -42
93 85
86 -123
52 -103
118 -37
-67 67
57 -117
94 46
2 94
-93 66
-1 -13
7 76
36 -28
68 45
-6 -39
83 40
-59 -65
-46 122
33 -126
3 -81
57 -84
1 109
40 -81
-108 14
-125 -56
-20 -26
64 73
-82 -91
4 -95
66 10
1 -69
-115 -43
-11 80
-3 -42
-126 -27
92 10
-50 -49
-34 -78
24 -20
60 35
91 -29
82 -66
-78 78
-45 14
-111 42
74 23
14 -43
-123 114
-99 117
-5 -111
-109 -86
-115 -113
-80 -111
77 18
17 11
-73 -3
-55 -127
-97 -94
-110 -47
-2 41
62 73
94 -92
-8 -11
123 53
56 61
-22 -44
34 -74
76 67
-52 -69
-32 70
65 -43
-35 126
20 71
76 70
-33 42
81 -1
-80 72
-43 44
71 -42
-55 110
-32 -16
-125 62
75 118
36 51
-58 34
-80 -7
20 -100
99 -64
-80 114
-32 -44
-111 13
-9 -20
-105 111
61 20
88 -75
-99 -27
-107 63
103 -45
119 32
86 65
122 -37
24 40
50 7
108 104
-53 -9
-91 -83
113 -85
25 60
-77 37
81 33
-26 -4
-88 22
-83 -21
-8 69
74 -107
34 49
110 50
83 16
75 -41
-68 87
0 2
48 102
-96 -34
-85 -77
38 -71
89 -36
-9 -52
-36 32
64 83
-115 119
-22 -78
92 110
-72 -66
93 -36
-28 110
72 71
65 38
-29 -118
118 106
115 59
-83 -12
18 -16
78 -73
-105 80
-46 1
26 -45
62 -66
46 -128
85 -48
79 -37
-93 46
8 93
28 119
-47 97
-44 14
-41 54
-3 55
-97 -121
42 -82
121 -105
19 94
-103 18
-8 24
-9 -38
-20 105
-116 75
62 -95
57 115
-121 -30
0 -115
16 -10
78 -106
-17 -117
-127 -27
57 -24
-104 -3
-107 -99
113 40
50 97
-48 113
-4 38
120 64
74 -6
61 78
50 -97
20 -91
-69 -82
6 -124
105 35
-33 94
29 103
49 58
95 -30
117 48
70 69
31 6
-91 -91
-25 113
-5 37
-38 -60
86 -24
32 120
-47 83
104 -115
65 45
23 -81
54 74
9 -4
61 54
116 54
-1 38
109 58
76 -20
-77 -115
112 18
113 -128
-12 -3
16 -127
-101 26
-128 -43
73 108
2 102
94 -113
60 101
1 -33
-52 -90
-69 -96
87 -34
75 -123
-80 -90
-89 43
13 -5
27 1
-110 108
14 47
-27 -44
95 -128
39 48
85 5
-12 57
72 -17
-63 -98
-79 123
-55 50
63 -66
88 31
-60 -108
14 14
60 122
-122 47
57 -89
15 -103
33 -89
-4 81
-77 -104
13 -69
-45 29
76 48
41 -62
-29 -32
-12 90
59 -121
55 -54
-1 80
-92 -76
-11 -8
6 95
124 -56
-43 100
-22 53
-57 92
-83 -75
98 47
50 -47
114 100
-38 -9
10 24
98 62
-59 -65
-9 -12
114 -53
112 100
103 115
-93 -94
4 -110
-35 -17
-87 54
-30 -78
78 -127
108 85
-9 -48
112 -115
-116 111
22 -126
-88 -20
49 -83
66 102
63 -1
-102 -55
117 -95
112 107
-114 27
31 57
-38 69
-124 -3
-14 72
-51 -51
-86 -6
26 65
46 27
-61 89
96 5
19 -41
-30 81
116 101
19 -107
32 -24
-30 -4
47 -72
-123 27
37 -16
66 115
-95 -117
112 -83
-62 -46
-18 -65
-65 -120
87 -82
-29 -21
7 82
-25 -32
-47 -29
-91 89
-121 -41
8 99
14 -61
64 -100
-76 52
41 -125
12 -100
-74 46
81 35
90 22
-50 -29
-77 74
-66 -35
-3 -79
114 -24
-79 102
15 -109
-85 -49
37 37
-87 57
-80 -33
33 -106
29 48
80 -119
-86 106
-5 88
99 -64
34 13
-103 -33
-78 -24
31 -68
99 -19
-100 -45
-91 109
-106 74
45 -32
-47 67
60 -1
-105 63
-20 67
76 -44
32 -79
-75 -2
121 10
-64 89
64 72
106 -36
80 95
-29 -48
24 21
48 -54
76 71
-20 17
-101 -63
-22 6
76 -34
-54 -88
-100 -54
-52 -17
58 -68
9 -8
90 77
-5 114
20 15
89 94
-66 -116
-30 -111
-35 92
-91 -67
-42 -122
-58 -28
-1 30
104 7
10 19
-120 15
63 -22
114 44
50 -8
-39 68
-95 -106
-104 -124
111 46
34 51
-47 15
92 -11
-74 -67
75 105
6 126
-118 -29
82 -8
103 -32
7 -98
-111 49
-2 -71
31 -99
64 -49
-46 -54
13 -40
29 14
13 -57
67 32
54 87
-114 95
55 26
81 -39
-86 -53
87 79
-69 -4
92 -101
30 -77
72 103
-61 -101
99 -26
123 59
-62 -90
48 20
27 18
-74 61
-67 -49
3 -13
-34 13
54 89
106 104
4 101
-28 75
89 58
-115 -122
14 -82
-28 -89
98 -39
21 105
56 14
-97 95
6 41
95 -83
-43 46
124 52
97 45
56 -29
15 -79
-84 -84
-58 26
-65 96
17 -36
-61 84
70 -47
66 125
-53 -98
19 105
68 39
-37 -93
-122 90
-110 20
-5 -19
18 30
22 -74
111 -38
13 4
41 -116
60 109
91 35
-108 -87
-121 99
-56 -127
-101 69
64 -94
-28 -46
4 -84
-54 49
-84 97
49 111
121 66
52 -29
-22 -34
-22 125
97 -89
-99 -110
-47 -53
29 0
-47 46
113 -15
-5 -62
-94 72
43 -106
75 -26
116 -18
-41 99
-12 -108
-86 46
49 -88
-62 -75
-10 -116
76 -125
-46 55
18 -124
35 79
-65 -2
83 -82
-63 -32
58 32
-40 84
99 -47
82 -97
55 116
-43 106
55 -90
-117 -73
64 -119
-125 121
-33 11
19 -100
-77 23
115 99
-94 33
-41 72
79 -113
21 65
-76 -24
-52 -20
-93 61
-14 15
-5 101
-14 26
-45 82
91 -80
-122 -120
-112 90
75 -124
54 69
-14 103
-23 67
51 -125
94 -117
-11 -3
-76 10
-68 -41
-114 108
-116 -57
124 -45
97 -28
-61 -47
121 40
111 39
-64 40
67 -110
70 50
46 4
-29 -8
103 -122
-95 -125
29 -47
-123 -75
5 65
-25 -5
67 -101
-80 87
-32 73
-122 21
7 -86
11 54
19 -109
-114 122
-107 58
77 1
-2 -71
0 -59
-123 102
47 -14
-114 -50
-80 -106
-86 -31
-123 -59
51 -95
-98 -85
50 -92
-95 47
-12 112
-109 -50
14 -16
125 -7
116 99
-65 104
-38 47
70 -24
-70 73
110 119
-119 -95
125 64
-77 -42
81 39
-113 -118
76 -17
-29 61
27 -16
-100 12
-68 -25
85 -71
17 8
33 -48
116 -7
92 -6
-61 -38
22 105
-99 -5
-10 101
-101 -27
-83 -124
112 86
113 -46
98 -41
-43 -119
-87 -80
20 -127
-76 -77
108 18
34 -124
57 121
58 -75
24 93
-60 46
84 46
61 52
19 -102
-102 -123
-47 -124
-67 72
-107 -10
89 -28
79 -39
-80 26
-50 31
-83 88
-23 69
-5 1
-97 -23
-94 35
-97 -115
3 -55
-29 -82
20 7
11 109
95 5
-35 77
29 97
56 102
-31 64
-22 -104
-103 118
-28 116
98 -98
52 -103
99 29
95 36
75 45
10 -69
-65 -103
72 -81
-110 -38
61 -124
-126 17
-57 -89
125 -124
65 -17
-67 24
89 -1
-99 -98
9 -2
-35 -102
28 57
-37 -116
110 66
33 -78
-104 -73
88 -85
-113 107
117 -39
100 -21
-95 -51
-47 62
-100 -92
-22 93
-69 -32
70 82
-15 -44
-85 -36
113 -64
-90 13
-95 26
44 39
82 -27
120 -11
-109 -10
-37 -9
89 -14
110 112
-19 47
24 36
14 114
79 -51
29 56
75 58
-79 -39
-20 52
-9 -6
73 -57
-74 7
5 119
-23 -48
113 -1
54 82
-86 52
-124 -124
19 -62
31 -124
6 -128
-124 -124
50 -77
-99 -4
-53 8
-6 -59
16 108
-14 41
16 82
83 37
-88 -23
50 -78
-22 93
13 -105
98 94
-27 -124
-53 -68
11 21
35 -64
-52 58
60 50
-80 54
12 46
16 100
78 -123
-51 2
-114 -114
94 -97
-64 -54
52 -87
-19 115
47 -24
96 24
81 77
-31 -20
108 98
77 32
81 76
-90 118
-47 -53
74 -65
40 -128
16 -97
-25 -22
-81 -99
26 -40
2 -22
-116 4
6 29
-126 100
-117 -109
-9 81
-8 97
-109 -109
13 122
-51 117
119 -1
110 -109
3 -88
110 -77
-37 19
98 -6
35 -64
-60 -95
33 16
-103 115
-117 -59
80 116
89 12
-117 -87
-84 95
94 -117
-6 -76
-6 43
-96 96
47 -54
-105 -58
-103 73
-115 -23
55 13
110 20
-72 -80
5 -50
61 121
1 -68
-58 33
64 54
-82 -96
-114 -115
-107 -106
86 -24
-103 39
-71 42
-121 38
23 -79
-2 4
115 -17
-22 -65
51 -63
51 -25
-103 93
-8 108
71 97
59 -41
-17 85
-94 -106
-30 -54
1 126
-123 -30
103 15
-55 107
-38 48
-79 -23
-45 -38
-51 22
10 54
95 -39
0 39
89 67
85 14
-35 97
-111 -104
109 -26
49 -99
121 84
5 98
107 -17
83 -24
-106 -13
-1 -98
-52 13
-102 -84
-84 -103
86 54
11 73
-14 57
-128 65
9 20
-55 69
-20 36
29 -25
38 79
-107 -6
59 -70
84 -42
-66 -108
113 94
116 88
95 37
-42 -57
92 30
-42 16
51 -10
-67 120
30 43
117 -81
115 57
-44 118
76 -6
34 56
106 7
79 -89
-96 28
-21 115
96 -71
-64 56
87 39
-77 -90
87 46
-47 53
9 78
116 50
104 48
-43 68
-23 -121
-100 120
-63 -5
-70 -96
-97 -26
67 -106
-20 116
112 118
113 -68
-86 2
-72 -114
-71 114
-119 2
105 60
81 -54
112 -11
-50 -84
-25 -100
-108 19
-111 -120
92 -24
61 126
-40 -71
117 30
26 -31
102 -48
-31 66
109 -10
-102 -42
-117 -5
-41 -17
