-39 -114 103 61
-12 -92 -93 -14

50 53
-21 -96
-21 14
-46 107

-25 103
-85 -109

-99 120
-67 -115

59 41 114 -46
-125 123 75 -2
-80 -49 -22 107
-83 -105 96 -65

-17 -118 -59 -52
-114 -80 10 12
52 22 -102 70

-94 -90 112
-41 66 -123
60 -36 -119

35 -43
8 94
-40 -1

60 -24
-93 -125
34 -76
-27 108

101 -39
62 -13

55 -54 104 95
-114 116 -28 73
-123 114 97 33
-70 113 -76 73

-25 -92 -15
37 -52 110
47 8 -112

-108 25 65 -43
-101 -20 31 36
97 -90 54 80
-103 -67 31 -65

-5 69
89 15

-58 -89
100 -80
61 -77
-99 107

81 53 -42
13 -18 -63
30 13 -121

59 -33 70
50 -1 105

-123 -101 112
116 -7 22
83 -74 116
-27 53 86

105 -39
100 54
-120 -67

-29 108
121 -51

45 10 11
-92 -60 55

32 58 -6 113
89 -90 87 -31
-69 95 64 -94

110 -76
110 -69

101 84 -116
30 -71 100
-33 96 83

37 -57 -39
-127 11 -72
-5 -122 67

-76 -86 -5 -13
-32 -34 24 -29
89 53 17 83

-59 3
-22 -112
-84 -34

-112 60 -76
-67 24 -63
-68 -69 105

79 -10 -126 26
-120 -122 95 16
-53 -13 1 -127
115 17 124 22

38 108
-99 69
77 -86

-42 -43
-90 -8

-105 36 66
-21 50 112
3 -86 115
-109 -128 -60

-25 -53 -84
-52 53 -20
36 -35 76
22 25 109

-127 54 80
-119 93 -39
53 -70 -79
32 -29 107

4 117 3
100 10 74
65 -118 -86

45 108 -5 45
109 -17 -59 -93
-115 70 -2 92

44 78 -40
-67 19 -64

21 60 3
-69 35 -68

-91 8 79 -68
37 94 81 107

48 -104 -34 -23
70 87 41 -6

-10 114 110 121
-31 -16 43 19

35 -108
-83 -27
-115 86
43 -60

41 -45
-5 -26

-114 117 98 -11
39 -27 -123 7
-122 -21 -8 -118
-41 106 -104 78

-12 -27 85
125 116 -95
100 123 5
-121 -124 -35

-81 77 2
-43 -125 -10

-102 58 37 -128
51 -54 0 82

6 11
-88 25
6 55

48 14 84 101
-8 -119 89 9

66 119 10
-81 -106 65

86 81 -118 -108
40 -80 118 114
-11 -128 110 80

89 41
-45 -79

40 -59
-113 -94
53 118

-27 -71
-65 -58

-89 4
12 33
-124 -112

12 60 -57 56
87 -114 -18 -109
108 52 34 -86
123 67 -77 17

-81 -92 90 92
111 54 -29 75

21 -49 -51
-27 39 -64
-67 41 -75
102 -42 -109

66 9 31
72 -36 101
-37 99 -30
-47 16 -75

32 -105
-20 68
98 -30
21 -105

-22 -120 -2
-57 30 -32
90 -37 -19
70 123 102

20 -49
61 109

3 90 -61 12
79 -15 99 51

83 58 88
-71 117 -110
100 105 104

-82 -69
58 50
37 90

-46 5 -22 66
61 23 -44 -94

-126 -14 -10
-54 -47 78
50 -23 111

95 -82 -109 -122
-7 66 -28 78
-25 42 -52 -43

104 -58
38 -65
20 -65
-5 -116

-79 36
-44 -122

87 -1 14 38
39 -36 41 1
-99 -107 5 -56

-123 39 39
-56 28 -9

-64 106 -32
-58 -68 17

94 116 55
62 0 100

-87 -69 -82 -106
115 -92 -123 30
-111 24 -1 39
-17 -82 102 -91

-124 69
68 116
34 -110

-52 92 34
-96 -36 -7

94 -57
98 16
-112 41
118 121

-111 -31
-11 -28

7 60
88 118
-89 -114

84 -33 -56 87
-86 -86 -95 121

-76 -126 119 11
28 -56 -19 105

37 -57 -4
-93 19 -14
49 19 -98
-3 -115 74

90 -101
-11 -70
78 125
-103 -50

-46 22 8 88
81 117 5 25

42 -14
-7 78
-49 -98

-69 -110 -47 -98
22 -52 51 -54

-42 92 -50
26 -8 93

-51 81 -110 -101
-11 37 69 89

-23 109
67 60
-120 123
-46 -10

80 -76 -30 67
-102 124 30 57

21 67 -81 20
-89 -127 37 -71

-49 88
126 28
29 69
-67 5

-98 -82
-11 114

-4 -63 102 100
20 -53 57 1
-37 -10 -90 -26
21 -50 105 -48

-126 -45 -63
126 21 -70
111 -75 -87

10 -5
81 27
-88 -106

-29 52
2 -44
-63 106
-27 -76

102 -17
-75 -21
-93 41

7 -46
26 -25
57 -93
65 -54

-113 -9 16 -38
22 -28 28 -102

100 -32 -9
-25 85 0
13 -63 -85
-97 72 -49

-50 -58 -74 29
64 63 106 69
75 74 -109 -126

108 108 36 -60
-14 21 -21 20

-127 12 15 65
25 -74 -122 23
-115 74 76 -98

-30 -56
-99 -95
-83 -105
50 17

109 68 -87 91
17 73 -76 73
117 -57 -3 -39

5 -110
-28 -27
-93 -65
-1 -116

0 94
96 -54
62 -115
0 -123

-108 54
-55 50

-29 -44 -20
-52 -91 -27

94 -97 81 14
6 37 84 -64
-112 111 3 12

-104 -75 -25 -40
9 -36 71 -119
-128 -6 -72 -22
66 -31 -64 29

80 3 61
91 97 103

105 120 86 -21
-68 11 -109 104
-98 -29 -28 12
-121 111 -48 87

-114 58 24
59 43 79
-108 -41 56

97 50 68 108
-49 45 -11 -67
105 0 40 23
41 66 -102 120

-44 -73 19 5
8 -85 -90 -105
-114 -57 97 -78

-104 -7 -52
72 105 -73

-79 -61 10 5
-21 -84 97 -119
30 102 -64 37

99 79 26
-79 103 51
-123 -37 63

-72 46 51
-128 -82 -126
1 -82 65

-49 -37 -124
98 73 32
-117 -104 8

102 -93
73 -58
-44 12
-64 -81

-120 -113 -47 58
93 -73 -105 106
30 -112 87 57
26 84 105 34

-69 22 -127 61
-47 -115 23 76
59 -28 39 101
9 -98 -30 75

18 -103 1 -3
-103 94 9 -21

115 75
-59 -18
-35 -91

-121 94 0 -93
-92 -104 -20 -9
104 9 111 108
-98 -124 57 48

-7 -41 -81
-121 -110 -69

114 117
-21 8
-68 104

61 90 103 90
-2 116 -71 -69
-69 -91 -85 -18

69 -124 119 -114
-46 8 -19 -54
-101 -117 61 59

-62 108
107 -105
17 33

23 -12
-78 -95
87 -51

-75 -59
78 -114
-28 -44

-32 -36 -112
-112 122 -86
48 -115 -56

-57 64 -49
76 1 14
19 15 -34
114 121 -14

79 -81 -79
105 108 -110
-80 -50 -43
34 -2 -102

-2 19
-26 -25

-43 125 22
82 -106 48

39 25 3 -32
124 -74 -112 -124
89 -57 -60 33

-57 61
-99 -68
-82 -112

86 114 -27 104
-94 -128 0 -106
5 17 -98 99

-93 -114 -26
41 -82 110
-115 51 -91
-43 34 -20

-80 123 96 -109
-104 59 -24 101
-75 -72 -53 28
-50 94 13 108

63 93
1 -83
-32 34

-93 -33 -2
-38 -65 119

-125 -100
-91 -47
21 122
-111 89

-40 -93
93 63

13 -49 -103
-60 24 71
-38 101 -58

-58 96
-45 34

5 -95 -78
-90 -6 -89

20 -114 117 -49
116 -24 -23 -125

43 -88 -125 -92
46 -108 4 53
-118 110 80 125
-89 -68 -105 21

-118 67
45 -31
63 -34

-20 124 9 110
-105 105 11 -48
-35 22 102 -4

-48 -117 -27 -86
59 -45 -74 -73
-101 -48 45 -67

-57 -4 21 -19
24 -8 -33 42

-78 -91 -115 30
-71 -8 -3 46

45 -65 -99 76
113 82 -67 23

-70 -1 -107 102
60 55 -30 -39

-22 91
20 96
66 105
-25 44

-59 24 104
38 -43 -52

116 -108 24
122 96 -12
-73 124 -79
80 16 -124

-5 -98
69 43

112 -71 69
-53 -46 43
-52 89 5

-115 81
-30 -26
-85 -63

82 -101 -37
-70 109 -112
-5 -3 -101

-106 125 -5 -72
82 65 126 92

-96 -124
-101 -65

-114 -45
-100 52

26 -38 125
-8 68 -113
-58 -106 -3
-101 -21 83

1 -70 122 -89
10 -69 -95 88
-59 27 -107 -67
105 27 -1 -28

59 92
-54 -17
-5 -74
-21 -46

107 44 126
12 11 6
-84 118 79
-105 -106 15

19 -102
-58 -21

-29 -122 -6
-43 125 3
-43 84 -44
-7 -63 22

-57 65
-13 -86
-26 -8
104 -74

-56 93
91 63

25 -69 23 88
-46 -107 103 27

-62 -53 15 20
124 93 -98 55
-28 64 59 69
-45 74 -84 98

68 37 -107
-71 54 -59
105 -83 -81
-116 95 -35

-25 -65
10 70

25 -39
-93 42
-67 -118

-41 106 90 -103
-91 -20 42 -68
-115 -73 -50 -41
71 68 -44 108

-105 103 96 41
-42 -122 -76 -101
-120 7 -37 48

-96 2 -71
-64 90 -80
-34 25 103

30 -75 -89 28
-104 41 102 8

-37 6 59 -50
107 -115 46 15
-103 -30 66 62

5 60 92
45 -59 38
18 -85 -63
-101 -111 3

-125 -82
-104 30
16 76

-38 -24 -39
-4 117 55
-105 26 111
-19 81 109

-128 -125 -58
-105 63 -115

57 -99
-2 -34
14 92

-123 11
57 -41

51 99
54 33
29 -73

42 67 -32
-99 60 -75

28 57 -35
91 -88 -120
-91 84 -54

106 69 -57 -76
21 -79 -111 -96
115 -114 -120 123
-35 29 116 121

-23 -13
-42 -59
-19 39
-125 25

9 46 110
-86 -122 -98
-115 14 39
-70 58 -107

126 25 72
123 -27 57

53 -52 -9
-32 92 47

126 -17
110 -40
65 59

-17 -16
-100 -124

-18 -56 114 47
52 -37 -74 -51
-71 -61 -82 -44
-123 -7 111 83

-102 -65 -87 -87
-25 -5 114 -104
-45 -97 -48 -99
-39 -83 -81 -110

74 81 -51
22 -26 122
53 -87 -99
-9 -53 -125

98 -33 -54 19
-83 -28 -120 110
-122 39 77 -33
-5 81 -91 -47

11 101 -89 7
-61 94 94 4
47 -112 103 -71
-48 -124 21 -59

7 49 -115
110 -12 49
44 -125 -91
125 42 -76

-124 36
30 -19
-13 -125
74 -12

49 -83
-26 -114

-112 -30
22 125
-31 -119

111 -120 -23 -39
105 87 -28 -5

-36 -97 37 -1
-123 81 91 12

68 -103 52
-4 13 20

-120 86
-11 -20
67 49

-95 -46
-107 -98
-6 -120
-96 -40

-16 -103 -105
-61 -121 36

93 -114 6
-72 -3 -111
-112 0 -75

72 121 -34
-120 24 -92
2 55 -56

101 -69 -3
-102 55 22
-128 30 114

73 83 -57
-55 16 -49
58 -46 -2

126 -128 36 114
-52 43 -47 -31
58 -66 -84 -103
86 -4 -5 -10

-35 -108 120 119
94 -10 71 -32
-63 4 54 55

-65 -96
113 63

-77 82 21 -66
-18 7 -23 11
27 -61 -14 57

100 21 70
68 68 -46
-56 4 -75

64 -71 -21 -101
89 28 45 64

-124 74
123 69
-107 14
-100 -51

120 -17 -100 19
73 57 -17 111
119 5 -75 -46

30 112 15
108 -75 16
1 8 107
65 31 9

117 -52 50 8
22 5 62 34
-116 26 116 -99

69 -72 38 41
-119 114 51 119
2 -33 125 116

0 14 -91 -10
-71 24 -20 -26
47 21 21 117
-115 -75 86 -57

98 -17
96 23
61 10

-77 -35 107
-84 -104 111
59 -21 57
50 -102 -52

61 -63 -68 -34
-53 90 -12 12

112 -8 39
63 97 33

-81 -30
13 43
-69 -48

101 76
29 11
-46 -77
55 -95

100 35
-1 -122
-56 -128

-69 -84
119 9

-100 13
65 -30
125 43

15 -63
-75 -95
-10 -60
-29 10

100 69
-74 -102
22 17

42 65
118 47

-17 33 -59 -66
21 -114 -106 125

77 -70 124 105
39 65 -23 85

-30 -55
-61 -92

45 55 1
49 29 -27

115 -76 -13
-113 -8 87
29 12 -38
-94 -126 -77

-85 51 106 89
-95 -55 46 59
-50 86 122 -68
64 45 -51 16

-20 -39 57
123 48 -66
74 -34 -8

-108 92 0 -126
-1 43 -111 2
-56 64 84 -95

57 6 -27
63 -120 -123
12 -69 -62
-48 -30 -82

19 -18 48 -72
27 20 -10 -101

8 38 -61
-69 -66 66
111 125 -24
116 -31 92

107 -89
-65 -61
125 -35
32 73

25 34 -9 85
-115 45 109 116

-7 33 20
9 -63 125

91 -100 -68 1
-19 57 14 -108
76 -36 -38 109
76 1 -32 75

-89 -88 -69
122 -85 79

30 101
-3 -117

31 105
117 -57
-60 76
-71 70

46 -19 54
-49 94 -108
-124 -13 -111

106 -108 -102
52 -10 105

-91 10 108
-10 -24 57

-11 30
-114 -14

2 93 -17 -86
-34 88 -121 -5
73 -64 38 -99

75 -22 48
117 -115 -7

-106 -103
-123 68

71 -99
-107 54
108 -75
-7 -84

40 -112
-100 87
-67 121
113 -109

82 -63
84 46
48 -122

58 16 54 -93
-6 99 -72 81
36 98 79 81

20 -69 18
-42 -106 109

-41 66 81 -75
-99 -21 -17 -90

34 1 57 -84
67 47 9 71
-7 107 -90 -74
35 -109 45 90

-53 -110 106
125 -4 -40
-46 81 -46

20 -42 -4
-32 -116 -62

35 -75 -78 -94
27 1 114 118
-76 -20 115 -52
43 92 74 -15

-82 -126 -117
39 -30 68

-80 105
-57 -55

92 2 -2
3 -15 -13

-96 10
-13 15

44 -58 -41
85 2 -40
43 15 -83
-106 66 -41
