-43 51 126 55
42 -4 -98 78
-78 103 19 50
3 10 112 -58

11 -55
70 -43

-81 31 -49 62
-37 -73 3 117

-99 0 -106 -108
26 124 -12 113

2 58 40
112 -114 23
-36 -114 -37
-127 -128 122

99 -52
93 80
-53 -81
-42 86

-22 50 -78 79
-59 8 -89 -73
-69 119 -10 81

60 122 122
45 1 93

-27 103 -94
36 -47 -54

104 14 -43 67
112 16 75 56

115 74 4 72
-74 -79 -30 32
-92 38 -27 -100
-89 -115 115 72

111 22 -116 -4
31 -48 42 -121
-114 -87 -46 53

-68 22 97 -64
-53 -59 -59 122
-111 -56 -32 49
23 -121 -39 -22

-107 105
-39 105

68 -13 0 90
-89 -95 9 28

-90 -128
-105 35
69 -27

-124 -125
25 -51
-123 -120

-31 4 82
6 -21 -57
-12 33 -104

-103 -57 -103 -98
-36 49 121 -122

42 -43 -61 -100
-7 75 86 -127

36 32
-31 -83
-110 4

-97 14 -80
76 -69 68
21 87 -125
-10 117 15

126 -123 114
-118 -18 12

34 15
-62 22
-41 -76

-46 33 -117
-20 -96 119
118 18 -41

-86 38 -27 45
-105 47 24 9
125 88 21 -62
83 -70 -54 62

102 95
-122 74

113 -90 12
-41 28 -100
-76 86 -17

88 -59 -65 9
-115 78 22 -11
112 -78 -79 -96
-24 -87 66 112

5 9
33 121

8 37 -45 -17
45 93 71 -103

118 -6 -102
13 62 42
7 -23 -53

23 33 101
-21 -15 36
-114 35 -9

64 -14 -82 34
-63 91 -32 -114
107 -105 4 -31

-97 88
16 -77
-107 -95

-74 -93
110 37
119 19
-30 -67

95 119 -77
10 22 2
-92 4 -78

71 -128
96 -89
48 -58

-62 56
-21 -119
-98 -63
56 111

-89 109 -116
-128 14 106
-64 75 70
33 17 31

-48 -122
68 111
-113 98
-57 50

-41 116
-11 -59

-83 -61 80 19
-53 71 -112 -50

43 104
67 -58
13 93
95 122

91 92
-117 105
-46 -81

-84 109 101 -104
-104 90 28 2
38 88 123 111

120 95 -36
-24 104 26
40 -64 30
-59 9 57

-44 122 69 -18
-119 114 -69 8

-125 97
36 107
-66 3
-108 84

51 10
-117 10
105 -8

99 -40 -82
-63 76 -117
-70 -119 -95
-22 89 -10

52 -25 -75
42 -105 14

-116 79 -105 -11
-101 16 -49 -123

60 15
-2 0

-42 -13 59
-39 79 72

-97 -128 83 97
-81 33 115 -55
31 -121 -25 -74
-70 -89 -73 8

22 47
82 10
-5 -58
-39 89

58 119
123 -74
-73 111

-128 -38 -114 80
19 111 -76 92
-76 -29 -69 -33

-3 78 -83 -84
38 57 39 41

-69 -10
91 2
-79 -104

-22 -66 9
-126 -40 48

75 96
-91 56
-48 1
-80 35

-104 -75 -25
-86 -31 -36
-54 79 -63

-23 -36
75 -5

64 -63
43 -17
123 87
91 80

-45 10 -69 75
-86 -6 -98 -20
22 -28 76 90

16 -116 -65
-17 -78 16
-93 85 -12
48 81 31

125 -109 8 43
37 -72 26 119

-84 -33
1 105

-50 -127
-52 -58
79 -25
-31 -4

50 126
-84 -51
51 65

52 -63 58 53
13 -54 16 90
41 19 30 -92

105 104 -5
6 58 -51
-72 -14 -101

52 -71 64 61
-16 -118 88 102
-54 -61 3 95
99 -58 -108 -111

2 -40 -53
85 -125 -116

73 105
-76 -60
-63 -28

28 -61 26 -33
-19 -92 -128 38

-5 -82
58 -20

-98 48 -22
111 82 -89

-16 0 78
83 -128 -71
-96 113 30
76 29 -57

59 69 -53
12 -70 -20
53 64 67
31 31 119

87 -76 -64
35 21 29
-100 125 3

-77 26 -52 -50
-8 -17 -107 -80

-60 -46 102 -45
-101 -84 -55 -122
114 -29 101 -43
41 -58 -36 -98

-101 -64 -58 -46
-53 14 116 18

58 10 -72
-61 74 16
-38 -90 -22
-29 -125 -29

-45 54 33
-102 -77 98
25 38 -72

-53 -31 -119 -12
10 -13 31 91
-78 -102 -15 56
-47 -58 -125 84

84 -35 11
50 84 -3

-61 116 -54
125 107 -17
-68 39 1
60 56 -54

113 -125 -25
126 -77 68
-6 107 40
-19 -126 58

-38 68 -68
2 -1 -35

-118 -126 -108 68
21 -9 16 -1

61 36 30
-80 -103 -28
125 90 -77
-5 118 15

112 -93
98 16
97 -24

-10 74 74
-104 24 56

-30 -111 49 92
-64 -13 83 -26

-118 94 81 102
107 22 -67 -88

-128 6 10 -69
46 44 -22 113

-46 62 121 -113
-9 86 32 -115
-32 123 -88 -107
37 69 2 71

-24 79 123 44
67 -125 -121 -120
123 -77 109 -74

-1 -8 86 110
-90 42 101 117
-30 97 42 14
-100 56 -85 30

87 73
102 2
-108 8
50 75

-88 53 77
118 -81 82
59 -68 -16
-39 57 -48

10 116
73 69

101 -84 -87
108 126 71
-87 25 95
10 -35 78

67 35
91 -19

25 26 -37 96
43 60 -33 98

27 -62
-28 65

-92 -63
-41 -108
-29 59

-57 -46
123 -126
-97 126
101 -107

-28 -56 -96 -100
28 26 90 13
-71 -83 67 77
36 -73 16 124

56 120 -42
62 28 53
-60 33 113

-35 80 12 70
91 120 17 -2
41 -85 -49 -59
-77 -92 -54 102

-6 1
26 -119
93 73

-28 -94 80 108
-94 20 -94 51
77 52 -99 -27
31 -100 -93 85

11 86
16 -32
-25 21
106 -100

-31 -56 31 -55
-98 84 -26 -60
-74 54 43 76

-67 12
-72 74
79 -80
-13 115

-96 14 86 -106
51 -77 -81 45
-79 -111 79 40

-119 26 75 -22
36 -116 29 -68
115 120 -90 -22

97 -116 64 52
-81 62 121 -17
10 -108 37 -107

121 -74 -98
-32 48 -27

-58 9 -78 90
-37 23 -6 -107
-67 -100 90 7
116 -3 115 -56

-115 -29 -20 -89
32 4 7 -10
70 82 -75 -73
99 57 -9 20

-102 -82
-33 14
36 -69
25 -72

-83 -47
-76 -122

27 -7
123 47
126 -116
110 -119

39 -1 97 69
32 88 108 -111
103 34 -81 -31

-23 113 12 -80
43 74 48 -112

6 -85
84 -5
23 80
79 101

13 55 118
90 119 -85
-16 -57 -109
3 -86 45

65 15 49
-24 -127 82

125 -72
91 14

-33 85 121
71 121 99

9 103
92 117
-77 102

-80 -63 23 -1
-68 83 23 68
-42 -101 51 -87

82 -90 -84
45 -70 63
-76 -94 -102

-107 -41 18 8
-49 93 68 50

-20 65
110 115
5 55

12 -103 68 98
-106 51 113 -102
43 -8 17 59
-47 22 -39 -66

-110 32
59 -3

123 -77
82 66
-98 124
109 24

19 -21 106
-102 16 -107
70 -60 -41

110 125 -32
-93 -119 -111
107 78 95
-13 -99 -120

63 -87 97 -45
-54 101 -4 69

-83 -88
-99 35
-9 -71

-99 -61 -17
-112 -41 -102

4 -30
55 -93

83 -110 22
34 -95 81
70 -102 98

-94 -97 -54 33
106 -107 1 -116

64 -25
-81 34
-7 28

5 -55 -91
79 -38 55
25 -84 -54
-1 102 49

31 -38
-96 34
99 21
-80 -32

-66 54 -18 83
72 110 -18 -28

118 27 -114 -29
55 -92 2 -42
44 -55 -52 -97
-94 -112 31 10

108 74
-47 -43
-102 -25
-91 -123

-86 -119
-44 101
94 -38
-35 -125

-94 100
-63 -53
11 -49
54 81

-126 -119
-42 -17
-59 -128
-70 -4

-7 -110 -14
115 -75 38
85 25 -26
-127 -44 -9

-88 125 -35 42
60 -61 -23 -56

3 -64
-40 70
8 -95

116 105 -16
-18 -60 -95
-50 -19 95

103 -34 -84
-81 41 109

-41 -122 108 51
-103 76 59 7
91 94 21 -101

-100 -8 84
8 43 95

-90 -117 116
-113 -16 51
-74 -59 -99

-117 -103
125 94
121 27
-32 21

84 125 -13 116
-128 1 42 -110

90 -104
45 44

-109 113
55 77
-39 33

25 -30
92 -9
73 103
-112 67

-65 -37 -113
-84 106 88

-29 -37 117
-123 96 84
-22 76 -68

53 64 -44
-51 -15 44

56 -33
21 116
2 40

-48 105 106
87 -90 59

104 -64 3
-128 -1 -74

-35 -71 -94
107 -13 -26
-31 18 -37
-10 -40 -116

-113 -49 67
-14 -69 119
109 97 -95
20 71 -12

15 -112
-29 55
-99 59

86 -77
-57 0

-54 -107 68 71
-73 8 2 -124

110 -108 123
86 -91 86
-117 6 -27
125 -24 39

105 77 84
-48 22 -47
107 -103 85
-111 -107 -46

76 68 -26 -55
72 70 92 -16
87 86 -13 -81

102 2 13
-69 99 -94
51 -35 96
26 -42 7

-63 -6
91 -2
69 68
-70 61

20 5
24 -106
54 60

23 -40
-118 112

-73 122 -54 -101
-78 -35 -80 115
105 -95 58 -113

11 -106 12
93 53 -50
-119 -108 49

59 17
-12 -99

-26 12 106 36
2 124 86 76

53 4
45 -60

72 -50
-16 -42
22 -118

61 4 -94
34 3 92
35 -125 -10

83 95 15
-12 -48 -98
-94 -60 -119
-54 -58 12

-16 78 -2
79 -16 94

-118 -64
79 -101
-81 -75

38 -96 28
35 50 -57
7 39 73

104 60 26 -55
104 -103 23 81
-90 -91 -52 -103

-109 -110
-53 -104

50 6
123 15

16 80 -120 65
80 103 31 25
-84 -58 126 15
73 -63 -87 88

-22 89 -87 119
64 94 37 52
-54 34 117 110
-61 -104 81 -6

70 85
21 -91
120 91

51 -78 117 -18
7 -60 48 126
-115 86 -26 -60
94 -23 -63 72

82 -117 -51
119 88 -109
8 -31 38
-41 67 46

-64 -69 -93 40
-68 -120 -65 102
52 -32 -98 -36

120 -42 125 -17
-66 61 -81 -65

5 -82 119
29 105 -28

-45 108
-51 73

-74 -94 -38 37
53 29 55 -88
-43 122 -101 66
12 68 11 -3

-108 -125 26
-111 -82 -62
94 11 37
13 -105 107

-115 -73
26 58
111 -105

41 -29
68 -27

-74 -54 -87 -60
-111 90 30 -48

-111 -100 27 21
4 -112 -78 88
1 -20 90 -126

115 8 96
-20 -57 -113
-1 -33 -9

3 -97
-128 -40
-24 -108

83 114 90 -69
1 -100 -118 -56
51 -28 -123 -34

122 -43
20 -15
-50 -49

53 -38 -70
-5 87 -7
99 82 84
-91 -95 -92

-20 -25 47
123 97 -42
-103 -68 1
108 91 -108

81 -53
8 16

-111 -1 114 -119
30 1 -23 103
14 -22 -82 112
-21 -20 -15 11

-8 89
0 -17
-65 -125

-103 100
-15 -66
-16 -128
66 11

6 46 116
21 39 -22

46 20
-16 -67
-54 58
-111 -113

17 39
123 69
-94 -80

-11 -21 -10 -25
-65 -64 -63 -108
-55 93 103 44
-20 50 -17 122

-67 55 -116 100
61 -72 11 -67
-82 34 101 3
56 5 97 -67

60 -128 -80
-49 3 -117
79 14 33
14 -19 43

0 -82
-122 -119

-43 -7
54 -20
-31 33

-86 2 -103 -69
-42 69 1 -80
39 57 -116 74
-7 69 -126 -63

60 9 -6
-98 0 -104
18 41 11

46 34 121
-6 0 -117

18 117 13 -23
-20 77 -2 -41

-119 -113 106 21
25 -28 -121 88

90 100 3
14 -7 31

-69 -62 76
17 0 20

119 -125
-41 99

95 -44 -50
33 -87 73

-89 -65 30
4 -10 21

35 67 109
-62 -79 55
80 118 102
-4 80 -10

3 -57
-124 -106
-122 33
61 98

-19 56
-80 -79

-107 29 -59
-49 -11 -117
40 -74 -107

55 -109 110
-39 -70 -106
-24 -68 -5

-91 42 -75
17 -82 -103
99 52 -93
103 68 -36

43 25 -29
31 15 -47
-34 -34 5

-83 -36 -1
-18 21 87
102 13 103
-17 -79 -48

113 103
-53 54
-120 24

114 -111
-35 -80
102 25
37 122

-13 84 -15
8 -92 -106
111 16 74

53 44 -86 115
41 112 57 82

-65 16 -91
-11 -3 -8
34 -3 52
95 23 65

-13 -47 -82 115
49 -25 31 37
32 35 25 30

54 16 81
-82 -106 85
-12 21 97
-122 -20 76

78 70
18 60
-124 -27

-21 7 -82 -27
-121 -11 -91 36

-13 -99 -116 77
-113 -93 -105 58

-40 124 117 -53
86 48 -51 -103
28 27 -36 -109

-109 -67 63 122
-60 -3 81 -18
-121 33 121 55

32 -121 -70
-47 -56 -6
46 13 86

-34 3 -50
-111 -34 -71

17 -45
-21 -95
-82 62
-54 -55

-22 -112 102
37 33 113
-119 -109 -128

-118 -5 -41
111 -67 125

-82 -98
-77 -82

103 -61
-118 -76

-110 -14
123 -10

104 -5 -45
86 -38 15
9 -91 -118
87 119 124

109 -55 -59 -48
11 -87 109 41
-71 -51 -97 -27

-118 -33 17 -102
29 58 -78 -104
13 119 39 -46
43 83 -52 -10

-1 -52 90 81
93 -6 -117 -47
7 -79 97 -105
-56 -128 -39 29

107 61 -78
104 118 -62
-71 88 24

