-10962 9686 15047 -9425
3864 -9963 4169 -11674

4260 -5029
-6951 5283
749 553
6984 -2071

-1786 -8294 1534 10501
10918 5322 3838 -18023

12921 14880 9054 24252
3643 -14260 8482 -5759

6448 -8360 -6527
11080 -29566 -5190
-18445 -10242 9541
-7127 4532 -17217

-7346 -8249
-19760 -250
9660 13338

-350 7908 14222 8216
5495 -16159 -1446 -18020
9015 -11449 -286 -2271

165 4227 271
4710 1070 9718
-2445 -4881 -4973

-2484 7308 -4344
-1989 -3704 15492
-3654 7074 908
4617 -7857 -3294

6136 790 -7268 4583
4992 660 -3641 3426

-7702 1363 9957 -1328
-25615 -27059 5215 3560
-34442 -18217 -2736 -12532
-15917 -25390 6777 11432

-3917 5171 -274 10437
-10045 -6260 -11536 11974
18233 10394 36 -7092

-2185 -2288 -12354 14093
5315 -7134 -11013 4751
-5980 -5260 9871 -16302
5619 7816 -4495 1367

-2156 6720
-10108 10920

3977 9209 -801 -7712
13920 6300 -720 6760
11001 6522 -693 3334
-16255 -8878 963 -5914

-15753 -7379
-3627 -593
-12414 -118

-16751 -14092
-19140 -18799

1863 5325 -15977
-3902 1337 7623
-4409 5714 -1040
123 1617 -14179

-9411 -7896 -15534 -5532
-12244 -3054 -3766 -16388
14772 3557 4253 19934

-1974 9347 11057 -10816
5439 -9028 -11767 -5623

100 654
-7502 2256

48 9145 3829
-13336 11398 -24580
16197 -12951 2570

22828 -12162 11628
22002 -12288 11712

2982 12179
1322 -8712
-10477 -4691

-5164 5991 -9513
-2874 -6543 19120
10576 12753 -16680

13862 -6460 585 -4690
6915 1328 2118 -5032
-4205 1559 -5256 8574

-6384 -5383
11420 -10378
-4420 -10496

-9340 5224 -6052
-3767 1284 -2133
-12835 13218 4299

-6634 2125 6315 15829
13726 -11238 -1333 -7066
-9 13084 -5302 -14654
21525 -17045 -15445 -8592

3754 13410
1782 7458
-2453 -9713

-2271 -5553 -1163 5143
-1080 -4074 3482 2354

-11460 1344 8724
-1044 650 -1694
41 -7995 -10013
-14946 -5902 8922

10114 -2970 -3677
-29 -3211 -3164
-7101 4373 1692
-12445 4166 2141

-2970 -1708 9006 -12954
-17648 14224 6626 -13439
-651 1183 -2422 12231
15324 -14322 -1268 1077

1163 -8942
-17458 1000
1009 22976

6605 -3299
-14167 -5656
13212 7083

8640 6792 -112
-287 -7811 10189

7395 -8202
-4803 9661

-6076 -18573
-6214 -2340

10457 835 -19685
-20188 11821 3786

-11095 30704
-5542 7170

-247 10432
3700 -8035
3769 -18414
-1103 8528

-1018 -5696 8320 3029
1793 -1541 2512 1205

3166 -10870
-1066 -4963
-17967 -26610
11397 -10568

-1843 -10824
2173 31375
-5521 21710
5107 -21317

-1128 -1723 -5779 8800
16232 -16817 -9073 3112

-4600 -7178 -1006
2578 -33 1434

-1573 1986 -345 -20
897 -7886 -7797 1784
-6809 7002 -3381 332

-21948 14890
-10130 -12486

-9507 1770
15096 -2390

14047 7146 -4239
-1768 -11576 -6270
-2485 -15258 4628

6350 -6530 -6101
-5658 9420 2269

1319 2216 -1309 6817
22602 -10431 16471 12805
-18066 6075 -11347 -15097

-1478 -405
-3784 -975

3582 1473 -4963
-1791 2451 3084
9576 -7236 -15380

-11711 2357 5233 2530
7867 -3019 2518 15169
-7614 -8568 20372 4412
-20935 -5729 18598 14080

-13364 -1759
4090 14114

-1086 464
7903 -13203
6632 -19332
8707 3147

-10633 -2408 -10347 5085
-17576 -9661 -12441 -885
8897 13265 -1236 7138
12020 5737 9317 187

-4086 -3489 -6751 -6993
2644 2316 4312 4468
-1434 5934 -9304 -9462
-4053 -4347 -5838 -6069

-9244 188
9191 3958
-8076 1002
-1695 -11062

5734 640 -2172
-15076 -8386 5781

-5997 5687
-1542 8628

-18372 -1071 -9707
3262 -6992 4493
-25046 -2539 -12832

-3289 3297
2416 -2338
5899 -1782

571 6179
-9073 -15582

6654 -896 9306 -10070
8188 -2442 14260 3910
2170 -2470 7240 14200

7195 -23771 -9961
5114 -398 4265
1658 -8279 1588

10854 -7160 -676 -2430
2345 538 -1386 -6101
95 2500 -1530 -6875
-4917 8897 -3056 -14019

6672 6387
3574 -11358

-4370 -11493
3130 -3894
12645 18878

-7437 -14952
-5611 -9069

-3262 -2300 -2976 9092
-3203 7649 -3942 -10758

6606 15734 -11941
-690 5048 -10410

-9486 25469 -438 -8369
17064 8454 -4345 -17384
-2241 2848 -9207 -8747
-14089 9939 1830 10390

5617 -3665 -1432
9996 -17220 -17060
-9282 12390 10958

-12930 -11932
-3831 -7724

3715 -490 9740 -5268
2440 -7450 500 -2626
-3915 3060 -8160 5254
1005 -18330 -12420 704

-1243 9722
-1569 1462

5974 5256 -5494
4474 13900 -12438
-3932 -13620 12104

7905 419 2256
12554 3782 -10349

652 11533 15830
3228 7891 10858

1624 -4509 -4033
-6026 5717 6461
14728 -15575 -2879
-11686 7063 -2921

-6122 4057 6127 3580
1407 904 8062 6150
-7006 -97 -17431 -13900
8331 -1828 10706 9150

5058 -5068 -8262 -9582
-15082 -15149 1432 -20584

-3500 -2884 -4060 -2184
-3427 1540 9454 1726
10143 1764 -8526 490

7336 7650 7084
4076 -1468 -1972

-8744 -11252 11230
1971 5554 -6622

16840 17606 22855 -6661
-8612 -12340 -9704 14839

3518 9961 -580
8628 2695 557
-3930 14532 -1689
-4364 770 -476

-8320 3730 -6676
23102 5798 352

10921 -18971 1951
-24932 33809 -9049

2038 -3420 252
-4732 8540 -9548
-964 1903 -4387
2556 -4561 4381

9842 13086 9272 -6582
3692 360 3012 -862

17046 27325 -4710
12580 11427 -2290
-12577 -11470 5710
18646 9692 -6775

-24633 12510
9380 -9702
-3357 -9435

420 620 460
-3618 6642 7506
11904 -9056 -12448

-2458 2543 2895 -4020
2756 350 -3554 1328
-4894 5615 5711 -8552
5674 3985 -7631 -508

-13855 9214 9401 11900
6603 -7512 -4668 -5802
15361 -7840 -10280 -13094

-3012 -1982 1082 -5681
-4478 -944 810 -4619
-11574 -3750 2616 -14442
-10804 -1986 1838 -10587

3361 -8434 -15445 9394
-5430 -4638 -902 -9504

-5651 12593 15191 8906
6295 -12600 -13360 -11300
-14988 15447 -43 14422
1125 -12890 -25984 -9282

4590 -7590 -15731 -12452
-15814 16280 10454 17965
9135 -15121 20056 11602

13524 3888
4192 352

10942 -5018 -12155
-19027 16926 -3295
27158 -22843 701

-4388 -7344
-7925 -18039
-8495 -16873
1741 6973

26832 -5948 -5822
16943 3315 2178
5532 -15720 -17553

-9675 2265
-4333 -467
-12146 -2020
-10623 2169

4042 5640 -3102 9212
78 -744 -1770 3924
-3395 -5288 1501 -5318
-5289 -7380 4059 -12054

-4428 10206
-2885 6660

5052 5399
9298 11511

-23732 16606
-10403 12494
20958 -9740

1147 8869 919 2540
-10585 1354 -1251 -10657
7736 14594 6572 4450
2872 -1307 -12950 -8335

1006 11697 3692
4930 17035 12958

12388 17422 220 -106
-9096 -4423 -904 12257
-1281 -10044 -945 -3926
5669 -284 -1911 3014

4424 -5264
8111 709
4790 8859

1168 -15382 -13716 20370
-5782 11634 -830 -8395
853 -10090 2301 12215
-11486 -19838 -3986 20748

-1597 -1549
-10152 12018
-12859 1857

7758 2428 -5278 2188
-7120 846 -3637 -15808

10410 -5687
16665 -27913
-14891 17283

-7529 -7583 4169 -5899
8808 -14698 -11108 15049
4944 -5866 -2604 13893

16089 -1088 -8656 -2666
-2210 -8936 -638 11164
4404 17338 -8153 4124

-2996 16782 -12201 11349
3913 -10298 16289 431
-2845 6260 -19776 -5172

15318 -12012 -7485
10689 -8186 -5588
-5708 3832 3988
-5152 848 8459

21018 847 12478 -2286
16638 9340 -4076 9510
3187 -11177 12717 12101
-7707 -8436 10828 -7817

5788 -4848 10510 16412
10859 7121 -2274 5174
5048 7132 -5210 -5798
1154 1162 709 3869

1524 -2771
7203 10653

-15245 -14555
6265 4969
9821 12747

-1935 16332
-18786 -853
29781 -26033
-5436 -17466

-9928 -6355 1454 6579
-15346 -11905 -18028 6000

2409 21540 6984 -22224
827 -1781 132 784
6036 12 4176 -6208

17405 11695
2648 -13059
-11435 -2298

-12509 -7940 581
264 4149 -6467
-12642 -28029 -5967

-6622 -14646 5818
9475 14940 -3367
313 -3936 3539

1783 -1824
-18395 4286
6234 -6978

-1714 -13514 -14916
-10668 -7164 -1848
-2200 -7704 -7744

5024 -18932
16838 -6034
-5836 -14223

2266 13852 -2338 8672
-6736 -6119 2485 -1226
-1112 3482 -952 3959
-16760 4275 4691 9332

8837 5986 -3681
21830 -6670 9204
-5542 14742 7956
10450 6668 7422

-717 1849 1256 934
4007 -1259 -2168 -1458

14720 12790
-13060 -4220

-549 -3470 6776 3561
10344 -18378 3002 21276
2979 -10868 -2696 8818

9869 -2007
6878 -2964
2412 -2288

33908 50
-33612 -3754
22404 -9039

8041 1689 3406
16843 -8773 8610
-13757 8691 -13916
-5685 2647 -7376

-8550 -6358 11107
-20808 -31892 -17621
-7589 -7713 1997
-14255 -27114 -20559

-1053 3912 5739 3582
4545 -8470 429 -5772
-3852 6218 -3240 3786

11004 7171
8518 -7380

23575 11725 12325
14273 7478 6341
-15743 -6283 -12801
1021 3122 -7191

-5275 9849
3837 -8649

-7797 13731 -13777
806 -2922 7582
-3780 501 1661

15628 -4646 3228 -13050
7834 727 2464 -5429

8561 -5539
-4651 -446

-5932 -11594 -16809
-1766 -16286 -16759

4766 -4307
7950 -7032
-16298 5904
-8306 -1807

12612 998 918 -11670
-5202 -980 -252 4603
-6606 -338 -522 6181

-5484 -24763 5470 -4401
-1619 -7724 10120 -2912
1944 -8131 -1394 -9843

10895 12732
22678 17130
-7145 1706

7717 7956
-6284 -7660

13420 5088
9629 -2803

-2419 8118
-15339 -6357

-21674 612 2806
8308 -9759 2381

7396 -8301 -1323 -6020
4000 -3356 -2908 -4536
492 1845 -4725 -3108
4840 -5809 -137 -3514

-305 -4424
1418 -502

14200 18204 10684
13024 7278 -12212
-6750 -13604 -18117
15192 9796 -14580

7423 -3848 -10262
3624 -583 -1109

9000 -12574 9356 -1754
10824 7012 -7535 -7368
-6580 13578 -260 -2534

12148 4403 -1965
2792 -878 -4990
7996 -2029 -13125

6771 -5795 8024
2271 13054 8527
8263 6592 9266

29726 21021
10833 2998

7808 -12124 -3960 2504
-164 -12690 -1417 -4566

-12285 9876
-6660 12688

-9799 4137
9019 603
609 -14815
6617 -10291

12459 7203
-22889 -3568
702 -13983
8172 -5372

-11563 7569 1429
4938 196 4606
6541 -7659 -5947
5229 -4099 -1675

-11287 9841 7647
-1833 1068 1920
-13816 20440 -5288
15753 -5151 -22209

6209 2746 -5324
-2003 -3397 1628

-4198 -13435
223 16039
-732 9403
-1671 -6197

8391 -11835 -2207
-6858 6375 -6452
552 -2010 -3228
-11430 17580 6658

-17728 3491 -7050
1400 -5887 -4389

-9851 -3984 -11615
-13302 5431 163

9783 9570 -12126
-24896 -18094 28025
10079 7578 -693
-3147 -4091 12595

10540 -11894
3210 7441
12001 -21104
-1030 16152

1555 1925
-3130 -770

1497 -2987 1622 6611
1956 10287 -6240 -11811
12232 6225 -4792 9875

-18799 -2206 -2374
-25144 13532 -16699
-18203 19747 -20672
32306 -16712 19981

-10248 -20094 -7387
4525 12717 392
-22223 -10411 -15762

-13329 -12494 3603 10999
-5344 -4932 10984 8560
8177 8296 1845 -6873

4424 -5426 -908
-8027 -55 4642

10448 1172
-15082 3631
3973 8948

6508 -815
1536 8759
-5082 5320
-4522 11441

6801 -4184
-5932 7520
-8600 7872

551 -91 1710 5485
-3059 -9808 -5954 7644
